# t S E I R
0	5.9999e+07	0	1000	0
1	5.99987e+07	298.999	918.072	119.043
2	5.99983e+07	521.066	902.458	232.263
3	5.9998e+07	699.52	932.389	346.544
4	5.99977e+07	855.626	995.44	466.733
5	5.99973e+07	1003.21	1084.44	596.48
6	5.99969e+07	1151.51	1195.57	738.763
7	5.99965e+07	1307.04	1327.16	896.224
8	5.9996e+07	1474.63	1478.97	1071.39
9	5.99954e+07	1658.21	1651.74	1266.84
10	5.99948e+07	1861.25	1846.96	1485.26
11	5.99941e+07	2087.04	2066.65	1729.6
12	5.99933e+07	2338.91	2313.35	2003.05
13	5.99925e+07	2620.35	2590.04	2309.18
14	5.99915e+07	2935.15	2900.17	2651.95
15	5.99904e+07	3287.44	3247.63	3035.78
16	5.99892e+07	3681.81	3636.85	3465.6
17	5.99879e+07	4123.35	4072.79	3946.94
18	5.99863e+07	4617.74	4561.02	4485.98
19	5.99846e+07	5171.34	5107.79	5089.63
20	5.99827e+07	5791.25	5720.11	5765.65
21	5.99806e+07	6485.41	6405.82	6522.72
22	5.99782e+07	7262.72	7173.71	7370.53
23	5.99755e+07	8133.12	8033.61	8319.98
24	5.99725e+07	9107.76	8996.54	9383.23
25	5.99692e+07	10199.1	10074.8	10573.9
26	5.99654e+07	11421.1	11282.3	11907.3
27	5.99612e+07	12789.3	12634.3	13400.5
28	5.99565e+07	14321.3	14148.3	15072.6
29	5.99512e+07	16036.6	15843.5	16945.1
30	5.99453e+07	17957	17741.7	19042
31	5.99386e+07	20106.9	19867	21390
32	5.99312e+07	22513.9	22246.6	24019.3
33	5.99229e+07	25208.4	24910.8	26963.5
34	5.99136e+07	28224.7	27893.6	30260.3
35	5.99032e+07	31600.9	31233	33951.8
36	5.98916e+07	35379.9	34971.3	38085.1
37	5.98785e+07	39609.4	39156.2	42713.2
38	5.98639e+07	44342.7	43840.7	47895
39	5.98476e+07	49639.4	49084.1	53696.6
40	5.98293e+07	55566	54952.7	60192.1
41	5.98088e+07	62196.6	61520.7	67463.9
42	5.97859e+07	69614.1	68870.7	75604.8
43	5.97603e+07	77910.6	77095.1	84718
44	5.97316e+07	87189	86297	94919.3
45	5.96995e+07	97563.7	96591.4	106338
46	5.96636e+07	109162	108107	119118
47	5.96235e+07	122126	120985	133421
48	5.95786e+07	136612	135387	149428
49	5.95284e+07	152795	151489	167339
50	5.94723e+07	170869	169488	187379
51	5.94096e+07	191047	189603	209799
52	5.93395e+07	213567	212077	234878
53	5.92612e+07	238690	237180	262928
54	5.91738e+07	266703	265211	294295
55	5.90762e+07	297923	296500	329366
56	5.89673e+07	332697	331413	368571
57	5.88459e+07	371404	370351	412387
58	5.87104e+07	414458	413758	461345
59	5.85595e+07	462308	462120	516033
60	5.83915e+07	515440	515970	577103
61	5.82045e+07	574379	575890	645278
62	5.79964e+07	639683	642514	721355
63	5.77653e+07	711950	716527	806214
64	5.75087e+07	791809	798674	900826
65	5.72241e+07	879919	889750	1.00625e+06
66	5.69088e+07	976961	990609	1.12367e+06
67	5.65599e+07	1.08363e+06	1.10215e+06	1.25435e+06
68	5.61743e+07	1.20063e+06	1.22534e+06	1.39969e+06
69	5.5749e+07	1.32865e+06	1.36116e+06	1.56121e+06
70	5.52805e+07	1.46834e+06	1.51064e+06	1.74055e+06
71	5.47654e+07	1.62032e+06	1.67484e+06	1.93949e+06
72	5.42002e+07	1.78509e+06	1.85478e+06	2.15992e+06
73	5.35815e+07	1.96309e+06	2.05152e+06	2.40388e+06
74	5.29059e+07	2.15456e+06	2.26603e+06	2.67354e+06
75	5.217e+07	2.35959e+06	2.49921e+06	2.97117e+06
76	5.1371e+07	2.578e+06	2.75186e+06	3.29915e+06
77	5.05061e+07	2.80934e+06	3.0246e+06	3.65997e+06
78	4.95732e+07	3.05282e+06	3.31785e+06	4.05616e+06
79	4.85707e+07	3.30727e+06	3.63176e+06	4.49029e+06
80	4.74978e+07	3.57111e+06	3.96616e+06	4.96495e+06
81	4.63546e+07	3.84227e+06	4.32049e+06	5.48266e+06
82	4.51422e+07	4.11823e+06	4.69375e+06	6.04586e+06
83	4.38627e+07	4.39597e+06	5.08445e+06	6.65683e+06
84	4.25198e+07	4.67205e+06	5.49056e+06	7.31762e+06
85	4.1118e+07	4.94257e+06	5.90945e+06	8.03e+06
86	3.96633e+07	5.20333e+06	6.33794e+06	8.79538e+06
87	3.81631e+07	5.4499e+06	6.77224e+06	9.61473e+06
88	3.66257e+07	5.67775e+06	7.20801e+06	1.04885e+07
89	3.50605e+07	5.88242e+06	7.64044e+06	1.14166e+07
90	3.34777e+07	6.05971e+06	8.06431e+06	1.23983e+07
91	3.1888e+07	6.20579e+06	8.47412e+06	1.34321e+07
92	3.03023e+07	6.31747e+06	8.86427e+06	1.4516e+07
93	2.87315e+07	6.39227e+06	9.22914e+06	1.56471e+07
94	2.71861e+07	6.42857e+06	9.56336e+06	1.6822e+07
95	2.56759e+07	6.4257e+06	9.86192e+06	1.80365e+07
96	2.42099e+07	6.38395e+06	1.01204e+07	1.92858e+07
97	2.27958e+07	6.30456e+06	1.03349e+07	2.05647e+07
98	2.14402e+07	6.18962e+06	1.05026e+07	2.18676e+07
99	2.01481e+07	6.04202e+06	1.06215e+07	2.31883e+07
100	1.89235e+07	5.86526e+06	1.06904e+07	2.45209e+07
101	1.77687e+07	5.66327e+06	1.07091e+07	2.58588e+07
102	1.6685e+07	5.44031e+06	1.06786e+07	2.71961e+07
103	1.56725e+07	5.20073e+06	1.06003e+07	2.85265e+07
104	1.47301e+07	4.94884e+06	1.04768e+07	2.98443e+07
105	1.38562e+07	4.68878e+06	1.03111e+07	3.11439e+07
106	1.30483e+07	4.42443e+06	1.01068e+07	3.24204e+07
107	1.23036e+07	4.15929e+06	9.86787e+06	3.36692e+07
108	1.16188e+07	3.89644e+06	9.59859e+06	3.48861e+07
109	1.09904e+07	3.63853e+06	9.30332e+06	3.60678e+07
110	1.04147e+07	3.38776e+06	8.98647e+06	3.72111e+07
111	9.8881e+06	3.14588e+06	8.65236e+06	3.83137e+07
112	9.40698e+06	2.91426e+06	8.30514e+06	3.93736e+07
113	8.96782e+06	2.69387e+06	7.94875e+06	4.03896e+07
114	8.56726e+06	2.48535e+06	7.58682e+06	4.13606e+07
115	8.2021e+06	2.28905e+06	7.22267e+06	4.22862e+07
116	7.86934e+06	2.1051e+06	6.85929e+06	4.31663e+07
117	7.56616e+06	1.93339e+06	6.4993e+06	4.40011e+07
118	7.28998e+06	1.77369e+06	6.145e+06	4.47913e+07
119	7.03837e+06	1.6256e+06	5.79832e+06	4.55377e+07
120	6.80914e+06	1.48866e+06	5.46089e+06	4.62413e+07
121	6.60027e+06	1.36232e+06	5.13403e+06	4.69034e+07
122	6.4099e+06	1.24602e+06	4.81878e+06	4.75253e+07
123	6.23635e+06	1.13914e+06	4.51592e+06	4.81086e+07
124	6.07808e+06	1.04108e+06	4.22602e+06	4.86548e+07
125	5.93371e+06	951213	3.94943e+06	4.91656e+07
126	5.80198e+06	868955	3.68633e+06	4.96427e+07
127	5.68173e+06	793729	3.43675e+06	5.00878e+07
128	5.57192e+06	724983	3.20061e+06	5.05025e+07
129	5.47162e+06	662198	2.97769e+06	5.08885e+07
130	5.37997e+06	604882	2.7677e+06	5.12474e+07
131	5.2962e+06	552578	2.57028e+06	5.15809e+07
132	5.2196e+06	504858	2.38502e+06	5.18905e+07
133	5.14954e+06	461328	2.21145e+06	5.21777e+07
134	5.08544e+06	421622	2.04908e+06	5.24439e+07
135	5.02678e+06	385404	1.89742e+06	5.26904e+07
136	4.97308e+06	352367	1.75592e+06	5.29186e+07
137	4.92391e+06	322228	1.62408e+06	5.31298e+07
138	4.87888e+06	294729	1.50137e+06	5.3325e+07
139	4.83762e+06	269633	1.38726e+06	5.35055e+07
140	4.79982e+06	246728	1.28127e+06	5.36722e+07
141	4.76517e+06	225815	1.18289e+06	5.38261e+07
142	4.73342e+06	206719	1.09166e+06	5.39682e+07
143	4.7043e+06	189276	1.00711e+06	5.40993e+07
144	4.67761e+06	173339	928809	5.42202e+07
145	4.65313e+06	158775	856342	5.43318e+07
146	4.63067e+06	145461	789313	5.44346e+07
147	4.61007e+06	133288	727345	5.45293e+07
148	4.59117e+06	122154	670086	5.46166e+07
149	4.57383e+06	111969	617200	5.4697e+07
150	4.55792e+06	102648	568375	5.47711e+07
151	4.54332e+06	94117.3	523316	5.48392e+07
152	4.52991e+06	86307.5	481748	5.4902e+07
153	4.51761e+06	79156	443412	5.49598e+07
154	4.50632e+06	72606.1	408067	5.5013e+07
155	4.49595e+06	66605.9	375490	5.5062e+07
156	4.48643e+06	61108.2	345472	5.5107e+07
157	4.47769e+06	56069.9	317817	5.51484e+07
158	4.46967e+06	51452	292345	5.51865e+07
159	4.4623e+06	47218.6	268889	5.52216e+07
160	4.45554e+06	43337.2	247294	5.52538e+07
161	4.44932e+06	39777.8	227414	5.52835e+07
162	4.44362e+06	36513.5	209116	5.53108e+07
163	4.43838e+06	33519.3	192278	5.53358e+07
164	4.43357e+06	30772.5	176784	5.53589e+07
165	4.42915e+06	28252.5	162529	5.53801e+07
166	4.42509e+06	25940.2	149416	5.53996e+07
167	4.42136e+06	23818.4	137354	5.54175e+07
168	4.41793e+06	21871.1	126259	5.54339e+07
169	4.41479e+06	20083.9	116056	5.54491e+07
170	4.4119e+06	18443.4	106674	5.5463e+07
171	4.40924e+06	16937.6	98046.3	5.54758e+07
172	4.40681e+06	15555.2	90113.6	5.54875e+07
173	4.40457e+06	14286.2	82820.3	5.54983e+07
174	4.40251e+06	13121	76115.1	5.55083e+07
175	4.40062e+06	12051.2	69951	5.55174e+07
176	4.39888e+06	11068.8	64284.6	5.55258e+07
177	4.39729e+06	10166.8	59076	5.55335e+07
178	4.39582e+06	9338.52	54288.3	5.55405e+07
179	4.39448e+06	8577.85	49887.7	5.55471e+07
180	4.39324e+06	7879.29	45843	5.5553e+07
181	4.39211e+06	7237.73	42125.6	5.55585e+07
182	4.39106e+06	6648.51	38709.2	5.55636e+07
183	4.3901e+06	6107.35	35569.3	5.55682e+07
184	4.38922e+06	5610.31	32683.8	5.55725e+07
185	4.38841e+06	5153.78	30032	5.55764e+07
186	4.38767e+06	4734.45	27595	5.558e+07
187	4.38699e+06	4349.28	25355.6	5.55833e+07
188	4.38636e+06	3995.48	23297.7	5.55863e+07
189	4.38578e+06	3670.5	21406.7	5.55891e+07
190	4.38525e+06	3371.97	19669	5.55917e+07
191	4.38477e+06	3097.75	18072.3	5.55941e+07
192	4.38432e+06	2845.84	16605.1	5.55962e+07
193	4.38391e+06	2614.44	15256.9	5.55982e+07
194	4.38353e+06	2401.87	14018.1	5.56e+07
195	4.38319e+06	2206.59	12879.8	5.56017e+07
196	4.38287e+06	2027.2	11833.9	5.56033e+07
197	4.38258e+06	1862.4	10872.9	5.56047e+07
198	4.38231e+06	1711	9989.93	5.5606e+07
199	4.38206e+06	1571.92	9178.61	5.56072e+07
200	4.38183e+06	1444.14	8433.15	5.56083e+07
201	4.38162e+06	1326.76	7748.21	5.56093e+07
202	4.38143e+06	1218.92	7118.88	5.56102e+07
203	4.38126e+06	1119.85	6540.66	5.56111e+07
204	4.3811e+06	1028.84	6009.39	5.56119e+07
205	4.38095e+06	945.224	5521.26	5.56126e+07
206	4.38081e+06	868.405	5072.77	5.56132e+07
207	4.38069e+06	797.831	4660.7	5.56139e+07
208	4.38057e+06	732.994	4282.1	5.56144e+07
209	4.38046e+06	673.426	3934.24	5.56149e+07
210	4.38037e+06	618.701	3614.64	5.56154e+07
211	4.38028e+06	568.423	3321	5.56158e+07
212	4.3802e+06	522.232	3051.21	5.56162e+07
213	4.38012e+06	479.795	2803.34	5.56166e+07
214	4.38005e+06	440.807	2575.6	5.56169e+07
215	4.37999e+06	404.988	2366.36	5.56172e+07
216	4.37993e+06	372.079	2174.11	5.56175e+07
217	4.37988e+06	341.845	1997.48	5.56178e+07
218	4.37983e+06	314.068	1835.2	5.5618e+07
219	4.37978e+06	288.548	1686.11	5.56182e+07
220	4.37974e+06	265.102	1549.12	5.56184e+07
221	4.3797e+06	243.561	1423.27	5.56186e+07
222	4.37967e+06	223.77	1307.63	5.56188e+07
223	4.37963e+06	205.588	1201.4	5.5619e+07
224	4.3796e+06	188.883	1103.79	5.56191e+07
225	4.37958e+06	173.536	1014.11	5.56192e+07
226	4.37955e+06	159.436	931.719	5.56194e+07
227	4.37953e+06	146.481	856.021	5.56195e+07
228	4.37951e+06	134.579	786.472	5.56196e+07
229	4.37949e+06	123.644	722.574	5.56197e+07
230	4.37947e+06	113.598	663.868	5.56198e+07
231	4.37945e+06	104.368	609.931	5.56198e+07
232	4.37944e+06	95.8879	560.376	5.56199e+07
233	4.37943e+06	88.0969	514.847	5.562e+07
234	4.37941e+06	80.9389	473.017	5.562e+07
235	4.3794e+06	74.3626	434.586	5.56201e+07
236	4.37939e+06	68.3206	399.277	5.56201e+07
237	4.37938e+06	62.7695	366.836	5.56202e+07
238	4.37937e+06	57.6694	337.032	5.56202e+07
239	4.37936e+06	52.9838	309.649	5.56203e+07
240	4.37936e+06	48.6788	284.49	5.56203e+07
241	4.37935e+06	44.7237	261.376	5.56203e+07
242	4.37934e+06	41.0899	240.14	5.56204e+07
243	4.37934e+06	37.7513	220.629	5.56204e+07
244	4.37933e+06	34.684	202.703	5.56204e+07
245	4.37933e+06	31.8659	186.234	5.56205e+07
246	4.37932e+06	29.2768	171.103	5.56205e+07
247	4.37932e+06	26.8981	157.201	5.56205e+07
248	4.37931e+06	24.7127	144.428	5.56205e+07
249	4.37931e+06	22.7048	132.694	5.56205e+07
250	4.37931e+06	20.86	121.913	5.56206e+07
251	4.3793e+06	19.1651	112.007	5.56206e+07
252	4.3793e+06	17.608	102.907	5.56206e+07
253	4.3793e+06	16.1773	94.5459	5.56206e+07
254	4.37929e+06	14.8629	86.8641	5.56206e+07
255	4.37929e+06	13.6553	79.8065	5.56206e+07
256	4.37929e+06	12.5459	73.3224	5.56206e+07
257	4.37929e+06	11.5265	67.365	5.56206e+07
258	4.37929e+06	10.59	61.8917	5.56206e+07
259	4.37929e+06	9.72956	56.8631	5.56206e+07
260	4.37928e+06	8.93904	52.243	5.56207e+07
261	4.37928e+06	8.21275	47.9983	5.56207e+07
262	4.37928e+06	7.54547	44.0985	5.56207e+07
263	4.37928e+06	6.93241	40.5155	5.56207e+07
264	4.37928e+06	6.36915	37.2237	5.56207e+07
265	4.37928e+06	5.85167	34.1993	5.56207e+07
266	4.37928e+06	5.37622	31.4207	5.56207e+07
267	4.37928e+06	4.93941	28.8678	5.56207e+07
268	4.37928e+06	4.53809	26.5223	5.56207e+07
269	4.37928e+06	4.16937	24.3674	5.56207e+07
270	4.37928e+06	3.83061	22.3876	5.56207e+07
271	4.37927e+06	3.51938	20.5686	5.56207e+07
272	4.37927e+06	3.23343	18.8974	5.56207e+07
273	4.37927e+06	2.97072	17.362	5.56207e+07
274	4.37927e+06	2.72935	15.9514	5.56207e+07
275	4.37927e+06	2.50759	14.6553	5.56207e+07
276	4.37927e+06	2.30385	13.4646	5.56207e+07
277	4.37927e+06	2.11667	12.3706	5.56207e+07
278	4.37927e+06	1.94469	11.3655	5.56207e+07
279	4.37927e+06	1.78669	10.4421	5.56207e+07
280	4.37927e+06	1.64152	9.59367	5.56207e+07
281	4.37927e+06	1.50815	8.8142	5.56207e+07
282	4.37927e+06	1.38561	8.09805	5.56207e+07
283	4.37927e+06	1.27303	7.44009	5.56207e+07
284	4.37927e+06	1.1696	6.83559	5.56207e+07
285	4.37927e+06	1.07457	6.28021	5.56207e+07
286	4.37927e+06	0.987262	5.76995	5.56207e+07
287	4.37927e+06	0.907048	5.30114	5.56207e+07
288	4.37927e+06	0.833351	4.87043	5.56207e+07
289	4.37927e+06	0.765642	4.47471	5.56207e+07
290	4.37927e+06	0.703435	4.11115	5.56207e+07
291	4.37927e+06	0.646281	3.77712	5.56207e+07
292	4.37927e+06	0.593772	3.47023	5.56207e+07
293	4.37927e+06	0.545528	3.18828	5.56207e+07
294	4.37927e+06	0.501205	2.92924	5.56207e+07
295	4.37927e+06	0.460482	2.69124	5.56207e+07
296	4.37927e+06	0.423068	2.47258	5.56207e+07
297	4.37927e+06	0.388694	2.27168	5.56207e+07
298	4.37927e+06	0.357113	2.08711	5.56207e+07
299	4.37927e+06	0.328098	1.91753	5.56207e+07
300	4.37927e+06	0.301441	1.76174	5.56207e+07
301	4.37927e+06	0.276949	1.6186	5.56207e+07
302	4.37927e+06	0.254447	1.48709	5.56207e+07
303	4.37927e+06	0.233773	1.36626	5.56207e+07
304	4.37927e+06	0.21478	1.25526	5.56207e+07
305	4.37927e+06	0.197329	1.15327	5.56207e+07
306	4.37927e+06	0.181296	1.05957	5.56207e+07
307	4.37927e+06	0.166566	0.973477	5.56207e+07
308	4.37927e+06	0.153033	0.894383	5.56207e+07
309	4.37927e+06	0.140599	0.821715	5.56207e+07
310	4.37927e+06	0.129175	0.754952	5.56207e+07
311	4.37927e+06	0.11868	0.693613	5.56207e+07
312	4.37927e+06	0.109037	0.637257	5.56207e+07
313	4.37927e+06	0.100178	0.585481	5.56207e+07
314	4.37927e+06	0.0920388	0.537911	5.56207e+07
315	4.37927e+06	0.0845607	0.494206	5.56207e+07
316	4.37927e+06	0.0776903	0.454052	5.56207e+07
317	4.37927e+06	0.071378	0.417161	5.56207e+07
318	4.37927e+06	0.0655786	0.383267	5.56207e+07
319	4.37927e+06	0.0602504	0.352127	5.56207e+07
320	4.37927e+06	0.0553551	0.323517	5.56207e+07
321	4.37927e+06	0.0508576	0.297232	5.56207e+07
322	4.37927e+06	0.0467254	0.273082	5.56207e+07
323	4.37927e+06	0.042929	0.250894	5.56207e+07
324	4.37927e+06	0.0394411	0.230509	5.56207e+07
325	4.37927e+06	0.0362365	0.211781	5.56207e+07
326	4.37927e+06	0.0332924	0.194574	5.56207e+07
327	4.37927e+06	0.0305874	0.178765	5.56207e+07
328	4.37927e+06	0.0281022	0.16424	5.56207e+07
329	4.37927e+06	0.0258189	0.150896	5.56207e+07
330	4.37927e+06	0.0237211	0.138636	5.56207e+07
331	4.37927e+06	0.0217938	0.127372	5.56207e+07
332	4.37927e+06	0.0200231	0.117023	5.56207e+07
333	4.37927e+06	0.0183962	0.107515	5.56207e+07
334	4.37927e+06	0.0169016	0.0987794	5.56207e+07
335	4.37927e+06	0.0155283	0.0907537	5.56207e+07
336	4.37927e+06	0.0142667	0.08338	5.56207e+07
337	4.37927e+06	0.0131075	0.0766055	5.56207e+07
338	4.37927e+06	0.0120425	0.0703813	5.56207e+07
339	4.37927e+06	0.0110641	0.0646629	5.56207e+07
340	4.37927e+06	0.0101651	0.0594091	5.56207e+07
341	4.37927e+06	0.00933924	0.0545822	5.56207e+07
342	4.37927e+06	0.00858044	0.0501474	5.56207e+07
343	4.37927e+06	0.00788328	0.046073	5.56207e+07
344	4.37927e+06	0.00724277	0.0423296	5.56207e+07
345	4.37927e+06	0.00665431	0.0388904	5.56207e+07
346	4.37927e+06	0.00611365	0.0357306	5.56207e+07
347	4.37927e+06	0.00561692	0.0328275	5.56207e+07
348	4.37927e+06	0.00516055	0.0301603	5.56207e+07
349	4.37927e+06	0.00474126	0.0277098	5.56207e+07
350	4.37927e+06	0.00435604	0.0254584	5.56207e+07
351	4.37927e+06	0.00400211	0.0233899	5.56207e+07
352	4.37927e+06	0.00367695	0.0214895	5.56207e+07
353	4.37927e+06	0.0033782	0.0197435	5.56207e+07
354	4.37927e+06	0.00310372	0.0181394	5.56207e+07
355	4.37927e+06	0.00285155	0.0166656	5.56207e+07
356	4.37927e+06	0.00261986	0.0153115	5.56207e+07
357	4.37927e+06	0.002407	0.0140675	5.56207e+07
358	4.37927e+06	0.00221143	0.0129245	5.56207e+07
359	4.37927e+06	0.00203176	0.0118744	5.56207e+07
360	4.37927e+06	0.00186668	0.0109096	5.56207e+07
361	4.37927e+06	0.00171501	0.0100232	5.56207e+07
362	4.37927e+06	0.00157567	0.00920884	5.56207e+07
363	4.37927e+06	0.00144765	0.00846063	5.56207e+07
364	4.37927e+06	0.00133003	0.00777321	5.56207e+07
365	4.37927e+06	0.00122196	0.00714164	5.56207e+07
366	4.37927e+06	0.00112268	0.00656139	5.56207e+07
