0	1
0.0012	0.998803
0.0024	0.997611
0.0036	0.996424
0.0048	0.995243
0.006	0.994067
0.0072	0.992896
0.0084	0.99173
0.0096	0.99057
0.0108	0.989415
0.012	0.988265
0.0132	0.98712
0.0144	0.985981
0.0156	0.984847
0.0168	0.983718
0.018	0.982594
0.0192	0.981475
0.0204	0.980361
0.0216	0.979252
0.0228	0.978149
0.024	0.97705
0.0252	0.975957
0.0264	0.974869
0.0276	0.973785
0.0288	0.972707
0.03	0.971634
0.0312	0.970565
0.0324	0.969502
0.0336	0.968443
0.0348	0.96739
0.036	0.966341
0.0372	0.965298
0.0384	0.964259
0.0396	0.963225
0.0408	0.962196
0.042	0.961172
0.0432	0.960153
0.0444	0.959139
0.0456	0.958129
0.0468	0.957125
0.048	0.956125
0.0492	0.95513
0.0504	0.954139
0.0516	0.953154
0.0528	0.952173
0.054	0.951197
0.0552	0.950226
0.0564	0.949259
0.0576	0.948297
0.0588	0.94734
0.06	0.946387
0.0612	0.94544
0.0624	0.944496
0.0636	0.943558
0.0648	0.942624
0.066	0.941695
0.0672	0.94077
0.0684	0.93985
0.0696	0.938935
0.0708	0.938024
0.072	0.937118
0.0732	0.936216
0.0744	0.935319
0.0756	0.934426
0.0768	0.933538
0.078	0.932654
0.0792	0.931775
0.0804	0.930901
0.0816	0.930031
0.0828	0.929165
0.084	0.928304
0.0852	0.927447
0.0864	0.926595
0.0876	0.925747
0.0888	0.924904
0.09	0.924065
0.0912	0.92323
0.0924	0.9224
0.0936	0.921574
0.0948	0.920753
0.096	0.919936
0.0972	0.919123
0.0984	0.918315
0.0996	0.917511
0.1008	0.916711
0.102	0.915916
0.1032	0.915125
0.1044	0.914338
0.1056	0.913555
0.1068	0.912777
0.108	0.912003
0.1092	0.911234
0.1104	0.910468
0.1116	0.909707
0.1128	0.90895
0.114	0.908197
0.1152	0.907449
0.1164	0.906705
0.1176	0.905964
0.1188	0.905229
0.12	0.904497
0.1212	0.903769
0.1224	0.903046
0.1236	0.902327
0.1248	0.901612
0.126	0.900901
0.1272	0.900194
0.1284	0.899491
0.1296	0.898793
0.1308	0.898098
0.132	0.897408
0.1332	0.896722
0.1344	0.89604
0.1356	0.895361
0.1368	0.894687
0.138	0.894017
0.1392	0.893352
0.1404	0.89269
0.1416	0.892032
0.1428	0.891378
0.144	0.890728
0.1452	0.890083
0.1464	0.889441
0.1476	0.888803
0.1488	0.888169
0.15	0.887539
0.1512	0.886914
0.1524	0.886292
0.1536	0.885674
0.1548	0.88506
0.156	0.88445
0.1572	0.883844
0.1584	0.883242
0.1596	0.882644
0.1608	0.882049
0.162	0.881459
0.1632	0.880873
0.1644	0.88029
0.1656	0.879711
0.1668	0.879137
0.168	0.878566
0.1692	0.877999
0.1704	0.877436
0.1716	0.876876
0.1728	0.876321
0.174	0.875769
0.1752	0.875222
0.1764	0.874678
0.1776	0.874138
0.1788	0.873601
0.18	0.873069
0.1812	0.87254
0.1824	0.872016
0.1836	0.871495
0.1848	0.870977
0.186	0.870464
0.1872	0.869954
0.1884	0.869448
0.1896	0.868946
0.1908	0.868448
0.192	0.867953
0.1932	0.867462
0.1944	0.866975
0.1956	0.866492
0.1968	0.866012
0.198	0.865536
0.1992	0.865064
0.2004	0.864596
0.2016	0.864131
0.2028	0.86367
0.204	0.863213
0.2052	0.862759
0.2064	0.862309
0.2076	0.861863
0.2088	0.86142
0.21	0.860981
0.2112	0.860546
0.2124	0.860114
0.2136	0.859687
0.2148	0.859262
0.216	0.858842
0.2172	0.858425
0.2184	0.858011
0.2196	0.857602
0.2208	0.857196
0.222	0.856793
0.2232	0.856394
0.2244	0.855999
0.2256	0.855608
0.2268	0.85522
0.228	0.854835
0.2292	0.854454
0.2304	0.854077
0.2316	0.853704
0.2328	0.853334
0.234	0.852967
0.2352	0.852604
0.2364	0.852245
0.2376	0.851889
0.2388	0.851537
0.24	0.851189
0.2412	0.850844
0.2424	0.850502
0.2436	0.850164
0.2448	0.84983
0.246	0.849499
0.2472	0.849172
0.2484	0.848848
0.2496	0.848528
0.2508	0.848211
0.252	0.847898
0.2532	0.847588
0.2544	0.847282
0.2556	0.846979
0.2568	0.84668
0.258	0.846384
0.2592	0.846092
0.2604	0.845803
0.2616	0.845518
0.2628	0.845237
0.264	0.844958
0.2652	0.844684
0.2664	0.844412
0.2676	0.844145
0.2688	0.84388
0.27	0.843619
0.2712	0.843362
0.2724	0.843108
0.2736	0.842858
0.2748	0.842611
0.276	0.842367
0.2772	0.842127
0.2784	0.84189
0.2796	0.841657
0.2808	0.841427
0.282	0.841201
0.2832	0.840978
0.2844	0.840758
0.2856	0.840542
0.2868	0.84033
0.288	0.840121
0.2892	0.839915
0.2904	0.839712
0.2916	0.839513
0.2928	0.839318
0.294	0.839126
0.2952	0.838937
0.2964	0.838752
0.2976	0.83857
0.2988	0.838391
0.3	0.838216
0.3012	0.838044
0.3024	0.837876
0.3036	0.837711
0.3048	0.837549
0.306	0.837391
0.3072	0.837236
0.3084	0.837085
0.3096	0.836937
0.3108	0.836792
0.312	0.836651
0.3132	0.836513
0.3144	0.836378
0.3156	0.836247
0.3168	0.836119
0.318	0.835995
0.3192	0.835873
0.3204	0.835756
0.3216	0.835641
0.3228	0.83553
0.324	0.835423
0.3252	0.835318
0.3264	0.835217
0.3276	0.83512
0.3288	0.835025
0.33	0.834934
0.3312	0.834847
0.3324	0.834763
0.3336	0.834682
0.3348	0.834604
0.336	0.83453
0.3372	0.834459
0.3384	0.834391
0.3396	0.834327
0.3408	0.834266
0.342	0.834209
0.3432	0.834154
0.3444	0.834103
0.3456	0.834056
0.3468	0.834012
0.348	0.833971
0.3492	0.833933
0.3504	0.833899
0.3516	0.833868
0.3528	0.83384
0.354	0.833816
0.3552	0.833795
0.3564	0.833777
0.3576	0.833763
0.3588	0.833752
0.36	0.833744
0.3612	0.83374
0.3624	0.833739
0.3636	0.833741
0.3648	0.833746
0.366	0.833755
0.3672	0.833767
0.3684	0.833783
0.3696	0.833802
0.3708	0.833824
0.372	0.833849
0.3732	0.833878
0.3744	0.83391
0.3756	0.833945
0.3768	0.833984
0.378	0.834026
0.3792	0.834071
0.3804	0.83412
0.3816	0.834172
0.3828	0.834227
0.384	0.834285
0.3852	0.834347
0.3864	0.834412
0.3876	0.834481
0.3888	0.834552
0.39	0.834627
0.3912	0.834706
0.3924	0.834787
0.3936	0.834872
0.3948	0.834961
0.396	0.835052
0.3972	0.835147
0.3984	0.835245
0.3996	0.835347
0.4008	0.835452
0.402	0.83556
0.4032	0.835671
0.4044	0.835786
0.4056	0.835904
0.4068	0.836026
0.408	0.83615
0.4092	0.836278
0.4104	0.83641
0.4116	0.836544
0.4128	0.836682
0.414	0.836823
0.4152	0.836968
0.4164	0.837116
0.4176	0.837267
0.4188	0.837422
0.42	0.83758
0.4212	0.837741
0.4224	0.837905
0.4236	0.838073
0.4248	0.838244
0.426	0.838419
0.4272	0.838597
0.4284	0.838778
0.4296	0.838962
0.4308	0.83915
0.432	0.839341
0.4332	0.839536
0.4344	0.839733
0.4356	0.839935
0.4368	0.840139
0.438	0.840347
0.4392	0.840558
0.4404	0.840773
0.4416	0.84099
0.4428	0.841212
0.444	0.841436
0.4452	0.841664
0.4464	0.841895
0.4476	0.84213
0.4488	0.842368
0.45	0.842609
0.4512	0.842854
0.4524	0.843102
0.4536	0.843353
0.4548	0.843608
0.456	0.843866
0.4572	0.844127
0.4584	0.844392
0.4596	0.844661
0.4608	0.844932
0.462	0.845207
0.4632	0.845485
0.4644	0.845767
0.4656	0.846052
0.4668	0.846341
0.468	0.846633
0.4692	0.846928
0.4704	0.847227
0.4716	0.847529
0.4728	0.847834
0.474	0.848143
0.4752	0.848455
0.4764	0.848771
0.4776	0.84909
0.4788	0.849412
0.48	0.849738
0.4812	0.850068
0.4824	0.8504
0.4836	0.850736
0.4848	0.851076
0.486	0.851419
0.4872	0.851765
0.4884	0.852115
0.4896	0.852469
0.4908	0.852825
0.492	0.853185
0.4932	0.853549
0.4944	0.853916
0.4956	0.854287
0.4968	0.854661
0.498	0.855038
0.4992	0.855419
0.5004	0.855804
0.5016	0.856191
0.5028	0.856583
0.504	0.856978
0.5052	0.857376
0.5064	0.857778
0.5076	0.858183
0.5088	0.858592
0.51	0.859004
0.5112	0.85942
0.5124	0.859839
0.5136	0.860262
0.5148	0.860688
0.516	0.861118
0.5172	0.861551
0.5184	0.861988
0.5196	0.862428
0.5208	0.862872
0.522	0.86332
0.5232	0.863771
0.5244	0.864225
0.5256	0.864683
0.5268	0.865145
0.528	0.86561
0.5292	0.866079
0.5304	0.866551
0.5316	0.867027
0.5328	0.867507
0.534	0.86799
0.5352	0.868476
0.5364	0.868967
0.5376	0.869461
0.5388	0.869958
0.54	0.870459
0.5412	0.870964
0.5424	0.871472
0.5436	0.871984
0.5448	0.8725
0.546	0.873019
0.5472	0.873542
0.5484	0.874068
0.5496	0.874598
0.5508	0.875132
0.552	0.875669
0.5532	0.876211
0.5544	0.876755
0.5556	0.877304
0.5568	0.877856
0.558	0.878412
0.5592	0.878971
0.5604	0.879535
0.5616	0.880101
0.5628	0.880672
0.564	0.881247
0.5652	0.881825
0.5664	0.882406
0.5676	0.882992
0.5688	0.883581
0.57	0.884174
0.5712	0.884771
0.5724	0.885372
0.5736	0.885976
0.5748	0.886584
0.576	0.887196
0.5772	0.887812
0.5784	0.888431
0.5796	0.889055
0.5808	0.889682
0.582	0.890313
0.5832	0.890948
0.5844	0.891586
0.5856	0.892229
0.5868	0.892875
0.588	0.893525
0.5892	0.894179
0.5904	0.894837
0.5916	0.895499
0.5928	0.896164
0.594	0.896834
0.5952	0.897507
0.5964	0.898185
0.5976	0.898866
0.5988	0.899551
0.6	0.90024
0.6012	0.900933
0.6024	0.90163
0.6036	0.902331
0.6048	0.903036
0.606	0.903745
0.6072	0.904457
0.6084	0.905174
0.6096	0.905895
0.6108	0.90662
0.612	0.907349
0.6132	0.908082
0.6144	0.908818
0.6156	0.909559
0.6168	0.910304
0.618	0.911053
0.6192	0.911806
0.6204	0.912564
0.6216	0.913325
0.6228	0.91409
0.624	0.91486
0.6252	0.915633
0.6264	0.916411
0.6276	0.917193
0.6288	0.917979
0.63	0.918769
0.6312	0.919563
0.6324	0.920361
0.6336	0.921164
0.6348	0.921971
0.636	0.922782
0.6372	0.923597
0.6384	0.924416
0.6396	0.92524
0.6408	0.926068
0.642	0.9269
0.6432	0.927736
0.6444	0.928577
0.6456	0.929422
0.6468	0.930271
0.648	0.931125
0.6492	0.931983
0.6504	0.932845
0.6516	0.933711
0.6528	0.934582
0.654	0.935457
0.6552	0.936337
0.6564	0.937221
0.6576	0.938109
0.6588	0.939002
0.66	0.939899
0.6612	0.940801
0.6624	0.941707
0.6636	0.942618
0.6648	0.943533
0.666	0.944452
0.6672	0.945376
0.6684	0.946305
0.6696	0.947238
0.6708	0.948175
0.672	0.949117
0.6732	0.950064
0.6744	0.951015
0.6756	0.951971
0.6768	0.952931
0.678	0.953896
0.6792	0.954866
0.6804	0.95584
0.6816	0.956819
0.6828	0.957802
0.684	0.95879
0.6852	0.959783
0.6864	0.960781
0.6876	0.961783
0.6888	0.96279
0.69	0.963802
0.6912	0.964819
0.6924	0.96584
0.6936	0.966866
0.6948	0.967897
0.696	0.968933
0.6972	0.969973
0.6984	0.971019
0.6996	0.972069
0.7008	0.973124
0.702	0.974184
0.7032	0.975249
0.7044	0.976319
0.7056	0.977394
0.7068	0.978474
0.708	0.979558
0.7092	0.980648
0.7104	0.981743
0.7116	0.982843
0.7128	0.983947
0.714	0.985057
0.7152	0.986172
0.7164	0.987292
0.7176	0.988417
0.7188	0.989548
0.72	0.990683
0.7212	0.991824
0.7224	0.992969
0.7236	0.99412
0.7248	0.995277
0.726	0.996438
0.7272	0.997605
0.7284	0.998777
0.7296	0.999954
0.7308	1.00114
0.732	1.00232
0.7332	1.00352
0.7344	1.00472
0.7356	1.00592
0.7368	1.00713
0.738	1.00834
0.7392	1.00956
0.7404	1.01079
0.7416	1.01202
0.7428	1.01326
0.744	1.0145
0.7452	1.01575
0.7464	1.017
0.7476	1.01826
0.7488	1.01952
0.75	1.02079
0.7512	1.02207
0.7524	1.02335
0.7536	1.02464
0.7548	1.02593
0.756	1.02723
0.7572	1.02853
0.7584	1.02984
0.7596	1.03116
0.7608	1.03248
0.762	1.03381
0.7632	1.03514
0.7644	1.03648
0.7656	1.03783
0.7668	1.03918
0.768	1.04054
0.7692	1.0419
0.7704	1.04327
0.7716	1.04464
0.7728	1.04602
0.774	1.04741
0.7752	1.04881
0.7764	1.0502
0.7776	1.05161
0.7788	1.05302
0.78	1.05444
0.7812	1.05587
0.7824	1.0573
0.7836	1.05873
0.7848	1.06018
0.786	1.06163
0.7872	1.06308
0.7884	1.06454
0.7896	1.06601
0.7908	1.06749
0.792	1.06897
0.7932	1.07046
0.7944	1.07195
0.7956	1.07346
0.7968	1.07496
0.798	1.07648
0.7992	1.078
0.8004	1.07953
0.8016	1.08106
0.8028	1.08261
0.804	1.08415
0.8052	1.08571
0.8064	1.08727
0.8076	1.08884
0.8088	1.09042
0.81	1.092
0.8112	1.09359
0.8124	1.09519
0.8136	1.09679
0.8148	1.0984
0.816	1.10002
0.8172	1.10164
0.8184	1.10328
0.8196	1.10492
0.8208	1.10656
0.822	1.10822
0.8232	1.10988
0.8244	1.11155
0.8256	1.11322
0.8268	1.11491
0.828	1.1166
0.8292	1.1183
0.8304	1.12
0.8316	1.12172
0.8328	1.12344
0.834	1.12517
0.8352	1.12691
0.8364	1.12865
0.8376	1.1304
0.8388	1.13216
0.84	1.13393
0.8412	1.13571
0.8424	1.13749
0.8436	1.13928
0.8448	1.14108
0.846	1.14289
0.8472	1.14471
0.8484	1.14653
0.8496	1.14836
0.8508	1.1502
0.852	1.15205
0.8532	1.15391
0.8544	1.15578
0.8556	1.15765
0.8568	1.15953
0.858	1.16142
0.8592	1.16332
0.8604	1.16523
0.8616	1.16715
0.8628	1.16907
0.864	1.17101
0.8652	1.17295
0.8664	1.1749
0.8676	1.17686
0.8688	1.17883
0.87	1.18081
0.8712	1.1828
0.8724	1.1848
0.8736	1.1868
0.8748	1.18882
0.876	1.19084
0.8772	1.19288
0.8784	1.19492
0.8796	1.19697
0.8808	1.19904
0.882	1.20111
0.8832	1.20319
0.8844	1.20528
0.8856	1.20738
0.8868	1.20949
0.888	1.21161
0.8892	1.21374
0.8904	1.21588
0.8916	1.21803
0.8928	1.22019
0.894	1.22236
0.8952	1.22454
0.8964	1.22674
0.8976	1.22894
0.8988	1.23115
0.9	1.23337
0.9012	1.2356
0.9024	1.23785
0.9036	1.2401
0.9048	1.24236
0.906	1.24464
0.9072	1.24693
0.9084	1.24922
0.9096	1.25153
0.9108	1.25385
0.912	1.25618
0.9132	1.25852
0.9144	1.26088
0.9156	1.26324
0.9168	1.26562
0.918	1.268
0.9192	1.2704
0.9204	1.27281
0.9216	1.27524
0.9228	1.27767
0.924	1.28012
0.9252	1.28258
0.9264	1.28505
0.9276	1.28753
0.9288	1.29002
0.93	1.29253
0.9312	1.29505
0.9324	1.29758
0.9336	1.30013
0.9348	1.30268
0.936	1.30525
0.9372	1.30784
0.9384	1.31043
0.9396	1.31304
0.9408	1.31567
0.942	1.3183
0.9432	1.32095
0.9444	1.32361
0.9456	1.32629
0.9468	1.32898
0.948	1.33168
0.9492	1.3344
0.9504	1.33713
0.9516	1.33988
0.9528	1.34264
0.954	1.34541
0.9552	1.3482
0.9564	1.351
0.9576	1.35382
0.9588	1.35665
0.96	1.3595
0.9612	1.36236
0.9624	1.36524
0.9636	1.36813
0.9648	1.37104
0.966	1.37396
0.9672	1.3769
0.9684	1.37986
0.9696	1.38283
0.9708	1.38582
0.972	1.38882
0.9732	1.39184
0.9744	1.39487
0.9756	1.39792
0.9768	1.40099
0.978	1.40408
0.9792	1.40718
0.9804	1.4103
0.9816	1.41344
0.9828	1.41659
0.984	1.41976
0.9852	1.42295
0.9864	1.42616
0.9876	1.42938
0.9888	1.43263
0.99	1.43589
0.9912	1.43917
0.9924	1.44246
0.9936	1.44578
0.9948	1.44912
0.996	1.45247
0.9972	1.45585
0.9984	1.45924
0.9996	1.46266
1.0008	1.46609
1.002	1.46954
1.0032	1.47302
1.0044	1.47651
1.0056	1.48003
1.0068	1.48356
1.008	1.48712
1.0092	1.4907
1.0104	1.49429
1.0116	1.49792
1.0128	1.50156
1.014	1.50522
1.0152	1.50891
1.0164	1.51262
1.0176	1.51635
1.0188	1.52011
1.02	1.52388
1.0212	1.52768
1.0224	1.53151
1.0236	1.53536
1.0248	1.53923
1.026	1.54313
1.0272	1.54705
1.0284	1.551
1.0296	1.55497
1.0308	1.55896
1.032	1.56299
1.0332	1.56703
1.0344	1.57111
1.0356	1.57521
1.0368	1.57934
1.038	1.58349
1.0392	1.58767
1.0404	1.59188
1.0416	1.59612
1.0428	1.60039
1.044	1.60468
1.0452	1.609
1.0464	1.61336
1.0476	1.61774
1.0488	1.62215
1.05	1.62659
1.0512	1.63107
1.0524	1.63557
1.0536	1.6401
1.0548	1.64467
1.056	1.64927
1.0572	1.6539
1.0584	1.65856
1.0596	1.66326
1.0608	1.66799
1.062	1.67275
1.0632	1.67755
1.0644	1.68238
1.0656	1.68725
1.0668	1.69216
1.068	1.6971
1.0692	1.70207
1.0704	1.70709
1.0716	1.71214
1.0728	1.71723
1.074	1.72236
1.0752	1.72752
1.0764	1.73273
1.0776	1.73798
1.0788	1.74326
1.08	1.74859
1.0812	1.75396
1.0824	1.75938
1.0836	1.76483
1.0848	1.77033
1.086	1.77587
1.0872	1.78146
1.0884	1.78709
1.0896	1.79277
1.0908	1.7985
1.092	1.80427
1.0932	1.81009
1.0944	1.81596
1.0956	1.82188
1.0968	1.82784
1.098	1.83386
1.0992	1.83993
1.1004	1.84606
1.1016	1.85223
1.1028	1.85846
1.104	1.86475
1.1052	1.87109
1.1064	1.87749
1.1076	1.88394
1.1088	1.89046
1.11	1.89703
1.1112	1.90366
1.1124	1.91036
1.1136	1.91711
1.1148	1.92393
1.116	1.93082
1.1172	1.93777
1.1184	1.94478
1.1196	1.95187
1.1208	1.95902
1.122	1.96625
1.1232	1.97354
1.1244	1.98091
1.1256	1.98835
1.1268	1.99587
1.128	2.00346
1.1292	2.01113
1.1304	2.01888
1.1316	2.02671
1.1328	2.03463
1.134	2.04263
1.1352	2.05071
1.1364	2.05889
1.1376	2.06715
1.1388	2.0755
1.14	2.08395
1.1412	2.09249
1.1424	2.10112
1.1436	2.10986
1.1448	2.1187
1.146	2.12764
1.1472	2.13668
1.1484	2.14583
1.1496	2.15509
1.1508	2.16447
1.152	2.17396
1.1532	2.18356
1.1544	2.19329
1.1556	2.20314
1.1568	2.21311
1.158	2.22321
1.1592	2.23345
1.1604	2.24382
1.1616	2.25432
1.1628	2.26497
1.164	2.27576
1.1652	2.28671
1.1664	2.2978
1.1676	2.30905
1.1688	2.32047
1.17	2.33204
1.1712	2.34379
1.1724	2.35571
1.1736	2.36781
1.1748	2.38009
1.176	2.39257
1.1772	2.40524
1.1784	2.4181
1.1796	2.43118
1.1808	2.44447
1.182	2.45797
1.1832	2.47171
1.1844	2.48567
1.1856	2.49988
1.1868	2.51434
1.188	2.52905
1.1892	2.54403
1.1904	2.55928
1.1916	2.57482
1.1928	2.59065
1.194	2.60679
1.1952	2.62325
1.1964	2.64003
1.1976	2.65715
1.1988	2.67463
1.2	2.69248
